649  43
285  132
163  742
397  121
354  668
175  656
1194  38
344  108
432  285
772  300
894  51
603  738
914  114
97  521
723  630
734  486
426  638
138  705
727  771
77  177
278  229
140  588
406  671
1061  58
142  202
660  768
491  29
476  127
1055  268
591  148
663  412
26  285
411  147
687  340
498  508
594  544
555  776
636  17
711  321
1193  558
438  400
276  582
301  706
646  516
815  573
821  107
836  660
960  162
210  78
550  799
923  543
126  526
60  586
643  573
107  37
964  625
882  692
202  687
202  198
218  549
1066  140
271  19
912  497
1147  362
271  555
950  527
127  463
289  720
746  525
445  551
227  101
1180  262
289  376
808  600
1191  710
816  308
409  684
988  607
513  305
37  217
768  374
964  735
481  62
21  407
525  21
791  709
119  381
441  257
471  598
733  785
272  274
72  779
451  53
1043  787
164  780
804  734
1054  649
534  106
890  413
112  717
614  189
496  456
933  701
405  682
1038  321
298  685
852  479
733  20
307  747
567  614
698  602
521  683
1129  464
215  681
1007  468
112  153
195  333
798  704
995  257
402  111
678  690
1095  452
862  762
68  320
827  281
1121  71
1082  468
493  591
294  757
830  752
421  270
981  103
589  711
990  661
773  761
1118  225
693  11
111  23
537  607
224  514
610  600
913  735
257  604
518  542
993  613
492  479
1060  94
541  683
261  29
1093  502
647  286
47  777
371  116
397  306
447  400
144  738
646  77
766  104
142  564
1156  304
665  282
708  128
27  527
29  380
329  768
28  691
681  356
1063  352
141  210
182  54
533  795
335  39
793  133
76  334
1160  694
624  736
209  573
759  102
1107  250
723  332
275  413
890  235
415  488
177  255
458  522
1030  456
391  764
323  276
289  717
738  133
780  711
473  746
275  756
922  337
896  404
266  386
485  194
716  109
520  566
112  331
